5 4
0 7 6 2
11 2 4 12
5 5 5 7
3 1 3 8
5 6 0 15
2
3 2 2 1700 2
1 1
3 1
9 1 1 2200 1
1 0
2
2222 break
5555 continue
3
0 7000 3
1 1 3
2 2 7
3 2 1
1 2200 1
1 1 10
2 1000 2
2 1 3
1 2 5
----------------
5 4
0 7 6 2
11 2 4 12
5 5 5 7
3 1 3 8
5 6 0 15
2
3 2 2 1700 2
1 1
3 1
9 1 1 2200 1
1 0
0
3
0 7000 3
1 1 3
2 2 7
3 2 1
1 2200 1
1 1 10
2 1000 2
2 1 3
1 2 5
-----------------
4 4
0 5 3 2
10 5 7 8
5 5 5 6
3 2 11 7
2
3 2 2 1700 2
1 1
2 1
9 1 1 2200 1
1 0
3
0 7000 2
1 1 3
2 2 7
1 2200 1
1 1 10
2 1000 2
2 1 3
1 2 5
----------
5 4
0 7 6 2
11 2 4 12
5 5 5 7
3 1 3 8
5 6 0 15
3
3 2 2 1700 2
1 1
3 1
9 1 1 2200 1
1 0
10 1 1 2000 1
1 2
6
200 continue
3000 break
3555 continue
4500 break
6000 continue
25000 stop
3
0 7000 3
1 1 3
2 2 7
3 2 1
1 2200 1
1 1 10
2 1000 2
2 1 3
1 2 5

