100 100
76 87 36 50 16 35 3 13 85 90 100 19 51 15 32 9 82 38 55 87 4 42 73 16 77 25 6 52 34 29 61 8 42 22 66 55 50 75 52 59 50 8 87 62 26 64 33 86 33 75 58 87 7 23 56 100 26 73 79 37 34 98 40 30 93 45 39 83 26 48 74 51 73 52 3 53 3 81 29 52 98 28 83 61 68 40 77 32 51 97 53 35 58 16 81 5 59 5 8 99
58 82 33 98 47 41 21 51 49 86 37 59 71 41 86 72 51 8 21 33 10 44 34 32 39 83 60 96 23 69 89 80 93 83 95 98 54 2 71 93 94 9 5 28 27 32 1 19 69 2 47 5 92 95 93 14 43 17 15 38 42 63 37 26 38 96 28 77 85 30 100 89 64 26 24 45 27 66 77 34 68 85 81 44 6 65 26 73 33 90 73 19 67 61 7 85 66 89 43 69
6 22 43 59 85 48 92 16 81 41 60 63 12 9 87 99 98 15 24 40 77 21 41 15 19 28 80 1 42 65 91 100 55 47 67 73 99 91 75 36 75 73 90 48 86 33 16 44 50 54 60 6 86 15 85 68 52 26 36 52 1 69 17 45 88 39 27 28 13 74 58 35 19 67 6 88 35 48 96 93 4 5 67 64 29 41 81 81 28 54 43 66 82 83 9 54 55 4 45 81
23 26 25 8 69 95 91 17 38 61 97 44 54 72 44 59 87 83 57 25 66 7 74 81 43 39 12 2 96 12 77 23 10 53 67 10 34 61 89 35 58 24 99 24 3 13 72 26 80 41 37 76 84 51 6 94 75 35 34 71 15 33 58 88 58 7 75 85 78 68 60 80 31 16 39 1 53 60 57 8 76 51 20 19 82 34 41 95 29 92 31 47 11 86 4 24 74 10 95 31
1 50 83 16 62 94 48 33 19 48 7 77 53 65 98 6 24 47 78 48 17 98 41 52 73 44 15 20 22 35 74 72 73 94 71 76 32 56 51 12 20 41 8 11 54 27 49 42 92 25 54 15 7 53 55 43 27 96 80 29 46 46 35 97 19 92 90 65 3 31 84 61 36 47 46 94 28 60 27 5 82 84 47 58 56 27 17 39 99 55 5 44 58 34 33 42 22 67 18 11
62 23 75 17 72 29 13 36 53 85 57 12 96 76 77 66 35 92 13 80 96 75 81 36 98 14 27 54 44 42 53 71 35 70 63 91 25 94 42 77 59 92 33 95 20 92 54 74 77 16 8 62 21 53 40 41 9 39 84 87 9 80 6 6 100 55 92 73 62 34 45 35 40 18 21 19 9 65 99 6 88 53 18 60 37 31 16 80 65 98 66 55 79 55 47 15 30 68 59 91
71 26 27 16 59 81 8 92 18 79 97 95 18 20 36 34 5 18 22 14 35 55 26 28 24 31 76 85 4 90 71 34 83 59 16 55 94 52 73 66 54 6 56 84 30 28 88 67 9 47 36 52 35 41 68 23 63 87 68 83 7 79 3 58 90 29 47 40 28 13 68 32 95 86 54 91 48 52 53 30 8 91 50 31 20 82 42 33 77 67 69 62 52 92 13 79 72 98 69 33
43 24 53 90 45 41 48 84 8 39 72 9 54 27 35 20 57 79 84 80 98 92 27 60 81 78 76 1 99 30 31 85 40 99 74 15 3 82 79 21 20 24 21 45 100 73 8 1 34 74 63 21 30 16 98 95 45 58 55 37 29 59 61 23 3 53 76 24 3 82 23 99 43 86 37 47 56 82 54 44 69 29 20 75 70 96 62 80 91 67 97 4 59 23 92 93 16 6 34 64
99 9 70 15 54 93 2 8 98 33 70 18 84 7 53 11 59 5 35 89 6 18 14 60 64 4 70 87 51 55 65 1 91 80 72 85 61 65 31 51 79 12 62 49 68 84 1 71 44 93 51 12 60 68 22 59 51 53 100 66 14 81 100 22 43 97 62 92 41 45 31 72 80 100 16 90 54 2 44 28 45 24 56 16 31 40 48 56 50 38 39 39 55 95 85 37 59 62 36 46
82 12 29 21 70 58 66 85 25 82 96 40 68 55 71 54 4 26 28 9 17 41 58 19 6 36 55 18 43 41 36 55 49 85 77 91 91 50 89 56 68 79 99 24 69 16 64 24 63 92 60 26 97 98 28 16 78 100 16 38 50 88 17 60 84 71 62 44 71 86 1 1 45 85 51 12 32 98 33 46 19 95 33 29 41 18 57 34 18 91 64 77 37 76 4 15 7 55 46 39
36 92 88 54 20 96 76 30 25 39 71 66 54 54 78 1 84 73 90 8 3 22 60 83 86 73 56 7 24 74 66 9 28 60 69 64 92 78 84 11 7 75 97 51 88 2 85 65 30 3 63 11 24 82 98 13 90 40 69 46 2 82 67 54 66 95 61 70 94 44 27 64 35 5 17 58 31 51 51 95 66 66 34 82 22 88 44 59 35 31 8 80 23 26 79 25 41 29 87 59
5 16 81 76 69 20 14 8 84 79 16 57 19 29 98 7 66 30 90 46 69 81 29 29 64 41 24 84 7 75 21 22 67 68 49 36 94 66 41 99 7 36 32 84 26 83 67 36 9 88 78 100 45 88 28 79 28 72 90 64 33 100 85 69 42 25 35 7 6 35 56 12 95 54 70 50 51 10 17 81 32 75 48 100 29 59 13 97 30 34 97 90 69 21 29 60 37 2 46 87
88 44 69 39 80 30 14 30 86 56 45 42 14 52 1 28 93 41 87 52 52 37 38 34 30 83 56 30 94 4 60 91 62 83 45 7 30 42 78 72 57 92 98 7 3 55 21 44 87 61 54 46 24 15 49 31 7 9 46 61 66 58 47 78 76 57 55 87 8 8 77 86 19 67 74 57 80 33 3 76 22 11 4 23 84 37 18 38 75 66 99 45 95 14 76 72 57 60 23 96
61 98 11 62 2 77 78 62 4 55 59 9 12 84 83 99 94 29 53 88 81 35 40 11 79 2 5 25 77 63 45 92 67 11 75 47 50 32 41 14 60 96 26 93 90 93 67 83 74 46 10 88 100 87 78 73 93 8 90 10 51 50 18 73 7 53 14 90 24 17 8 65 71 73 22 100 95 73 59 41 64 1 44 49 83 33 66 8 61 38 79 64 72 71 23 20 91 11 80 63
7 32 44 6 48 18 6 13 45 54 28 72 64 86 73 39 3 15 47 29 99 75 75 26 67 77 54 42 68 99 32 6 67 23 80 45 50 90 17 20 72 79 45 77 40 9 28 17 3 32 25 33 80 64 29 12 85 40 24 45 84 4 46 57 36 86 77 97 13 66 17 11 79 62 73 91 18 80 28 86 5 77 2 85 44 36 80 61 29 23 61 78 20 83 60 48 55 44 79 16
23 25 65 44 99 2 39 87 10 40 14 90 17 93 92 60 9 95 55 75 78 71 44 13 49 76 24 59 81 99 69 29 23 21 99 11 32 15 48 32 47 30 94 22 32 36 21 34 77 9 72 54 85 68 86 14 59 37 85 80 35 81 37 68 96 38 66 79 8 95 13 30 85 88 94 54 95 67 61 57 85 25 33 11 13 45 54 15 56 87 76 66 76 68 18 36 73 10 53 33
65 87 27 27 46 92 24 45 100 81 71 78 65 86 48 59 19 43 81 97 74 60 90 75 99 33 22 92 20 41 17 37 18 85 42 30 71 57 74 79 94 64 34 76 71 21 53 76 64 93 70 72 79 81 95 100 88 78 6 80 26 89 45 34 94 94 55 19 18 95 54 77 59 77 23 10 20 42 66 69 62 17 58 45 96 59 18 33 84 62 60 75 78 95 8 47 7 95 66 68
37 99 83 51 65 1 96 76 61 21 13 59 8 40 65 34 91 91 28 86 5 30 51 53 72 36 89 82 69 4 71 99 65 78 52 53 8 45 38 52 63 27 52 100 83 65 13 73 63 43 23 17 30 83 60 17 40 87 75 26 39 57 47 98 45 2 81 18 88 59 79 32 69 98 82 43 50 6 21 90 51 11 51 59 97 25 99 86 55 17 22 87 99 85 20 24 74 79 9 91
56 2 52 99 80 46 40 65 48 8 28 23 95 16 38 65 86 78 14 70 97 43 91 10 13 58 96 54 25 33 91 78 2 91 67 24 3 71 16 24 56 17 62 66 46 60 44 5 73 54 16 16 97 26 67 71 27 21 64 82 40 21 37 88 8 59 12 30 86 38 3 77 53 21 83 18 50 88 96 90 84 81 3 91 28 65 11 24 97 73 15 20 60 94 68 48 65 80 22 75
75 16 100 26 68 42 78 22 19 73 100 64 42 95 43 16 56 93 76 23 60 24 1 58 89 64 36 9 41 69 48 41 94 11 86 7 39 94 45 14 70 53 34 39 66 90 78 16 60 25 66 51 99 66 27 62 70 42 23 96 24 54 13 83 37 54 14 31 86 52 89 93 9 99 75 87 91 44 46 64 75 98 97 72 68 43 89 51 78 62 64 4 34 55 86 85 80 99 73 3
57 35 17 80 39 20 45 31 13 9 12 9 63 97 82 67 25 57 12 5 98 30 25 65 50 2 10 82 13 64 1 37 43 89 4 97 38 95 63 89 26 31 60 40 37 43 45 38 98 56 74 7 21 87 5 63 37 54 98 89 99 54 16 95 5 20 79 2 56 78 3 93 85 31 82 94 82 10 9 55 100 24 43 97 28 62 1 79 20 67 68 91 22 7 49 8 74 11 38 92
93 24 16 41 58 24 97 45 55 66 35 26 18 27 15 72 89 78 77 34 20 41 76 95 100 85 75 82 59 63 34 14 10 67 12 70 13 27 74 21 36 51 23 91 100 29 46 35 85 74 51 91 69 58 87 2 77 10 72 19 71 16 92 27 40 6 86 89 44 5 55 55 92 100 94 77 72 98 94 81 7 69 14 77 55 46 66 83 64 70 96 46 86 19 23 46 100 3 19 16
40 69 3 74 1 60 47 74 90 40 67 64 61 96 25 27 65 6 92 91 93 94 42 8 48 2 4 52 18 11 36 68 7 59 70 67 56 26 20 42 46 11 35 59 20 54 56 34 87 94 9 59 44 64 25 90 34 87 8 12 31 35 23 65 47 15 15 79 90 67 20 27 18 58 9 44 58 25 97 85 6 24 9 8 15 73 49 18 65 81 4 57 92 25 45 78 99 44 63 67
14 17 57 34 38 59 28 88 50 29 67 27 59 96 97 46 31 75 98 72 54 64 9 56 38 18 37 24 38 22 65 64 78 66 76 2 72 33 38 82 79 56 81 93 65 48 87 36 100 86 39 74 25 31 67 9 38 18 72 27 19 5 66 7 62 2 66 38 9 38 54 88 90 39 92 84 41 93 76 86 82 26 68 54 70 49 10 78 28 85 19 5 7 19 64 36 37 30 40 56
13 25 80 1 80 38 25 12 37 54 89 97 4 76 30 84 47 30 57 97 90 91 29 94 49 11 20 62 54 76 89 88 32 86 21 60 41 55 29 73 91 1 40 24 6 25 58 86 89 86 67 34 43 39 88 89 16 9 42 96 40 64 89 46 36 61 52 64 62 1 40 75 53 50 93 51 46 76 74 27 79 55 68 86 95 97 37 91 69 90 98 41 45 17 56 19 12 78 89 98
62 63 5 23 26 57 67 80 39 90 27 72 99 79 18 53 34 3 28 2 77 83 32 2 13 49 1 27 50 52 28 25 54 7 43 40 100 34 59 62 67 31 65 44 31 96 39 87 68 76 59 40 75 50 16 14 86 13 95 10 79 98 34 13 80 56 1 81 37 73 9 23 22 19 73 71 45 65 38 89 77 23 20 55 66 13 80 75 35 9 83 40 55 100 74 87 32 48 4 4
47 64 28 71 89 7 31 7 99 74 78 36 59 58 2 84 37 3 62 34 11 26 2 77 69 37 68 23 95 31 69 30 30 56 41 88 87 88 51 87 35 97 40 50 37 21 67 88 63 88 73 62 7 22 62 72 37 63 17 66 23 51 46 5 100 60 70 7 71 44 42 75 87 19 15 4 73 74 97 15 29 40 68 7 20 96 40 61 88 98 6 65 14 82 27 53 77 72 41 75
57 20 36 89 28 2 38 39 7 89 88 28 63 2 76 70 76 28 47 51 41 39 43 95 75 37 8 28 32 70 54 49 49 95 19 48 74 59 38 85 98 46 15 37 46 53 18 26 92 34 31 42 91 36 79 3 30 60 43 7 68 78 86 89 90 23 77 88 68 89 27 42 30 87 33 41 17 93 41 16 60 50 42 2 33 17 46 62 100 4 2 57 27 50 63 68 25 90 39 16
58 77 68 96 2 3 20 33 47 67 46 2 28 44 27 20 4 54 14 49 9 13 40 81 39 49 34 73 8 84 5 5 47 70 43 37 25 31 98 49 57 44 39 66 13 71 8 46 91 87 98 68 37 68 65 11 95 89 5 91 40 13 89 59 13 83 51 95 100 57 20 31 93 65 65 54 81 52 11 45 12 1 95 58 35 9 81 51 8 82 100 56 14 14 69 29 95 80 56 14
12 60 90 2 40 9 99 73 23 42 83 79 33 64 49 5 90 76 42 57 14 82 80 87 73 43 27 23 90 30 31 86 32 7 62 74 53 35 14 47 35 68 99 22 85 8 66 25 71 25 1 92 54 93 34 82 39 48 82 96 65 45 56 23 46 30 92 14 21 90 36 10 93 100 10 28 78 97 39 36 69 74 81 56 82 67 18 1 100 35 75 79 8 10 13 25 99 15 87 9
42 6 36 81 54 61 5 11 67 32 20 99 48 83 96 84 20 16 70 96 5 96 35 2 86 33 80 39 63 80 33 45 72 33 95 99 72 39 51 70 62 26 93 84 94 53 42 58 46 88 97 89 89 95 51 60 89 66 34 96 7 56 82 72 3 7 16 62 49 53 16 79 39 26 64 21 68 58 44 18 72 62 81 52 84 92 43 77 31 32 68 12 77 86 81 30 90 24 31 20
43 8 96 13 17 24 29 99 85 40 82 8 77 21 54 10 98 96 90 95 57 50 40 40 90 43 23 49 99 6 96 3 64 85 68 50 82 99 67 76 20 34 70 14 57 7 42 36 49 38 16 14 56 42 26 26 40 53 4 87 40 48 71 94 98 27 23 15 7 65 56 88 4 100 62 49 43 27 20 27 89 34 64 38 89 66 71 43 17 52 80 18 85 83 24 77 46 71 45 32
14 97 100 37 53 78 95 84 57 83 1 47 85 42 11 48 8 19 4 2 16 2 9 67 26 70 74 44 65 66 55 12 77 46 17 13 26 35 86 4 69 2 54 8 29 58 73 3 35 91 60 75 20 100 39 2 35 77 42 12 90 30 43 43 69 90 1 91 16 11 21 11 62 79 30 26 37 91 84 17 49 40 57 61 36 96 21 43 8 61 20 28 53 12 98 67 90 38 82 51
6 33 49 75 70 59 62 79 77 40 68 4 93 97 70 17 22 40 100 55 6 89 80 13 56 15 59 3 94 79 15 88 89 9 23 51 23 70 95 17 75 93 69 12 35 77 39 5 60 38 13 26 47 88 66 87 11 9 28 56 88 59 8 44 14 35 82 67 86 43 27 29 60 54 5 66 91 97 62 24 89 58 48 6 98 45 83 25 21 51 71 73 38 6 36 3 88 3 19 32
64 59 53 13 71 24 40 48 69 46 83 51 75 7 32 33 15 55 97 20 41 97 48 96 67 91 82 96 91 10 35 94 91 60 67 18 44 97 84 68 100 39 7 56 61 90 33 4 23 8 1 37 73 51 2 24 82 25 97 76 41 58 12 62 27 15 94 9 2 3 1 75 13 38 25 74 63 73 14 61 73 68 94 51 77 27 93 8 60 41 3 87 4 59 14 21 90 82 97 75
80 78 70 50 67 99 19 2 58 64 72 70 86 42 38 10 39 16 71 49 48 63 5 79 70 82 37 92 65 40 35 13 39 47 88 9 64 29 52 34 19 44 98 30 41 89 58 77 95 23 21 54 54 61 12 97 14 47 49 14 36 94 41 68 96 64 9 8 19 72 82 33 94 90 6 13 36 93 46 3 23 61 78 36 46 90 82 42 95 4 96 55 81 1 69 10 87 10 8 100
10 82 67 22 59 83 13 21 30 67 39 79 52 78 23 99 72 93 66 3 21 46 71 42 97 28 15 37 47 64 67 58 97 48 88 91 88 53 96 44 3 40 81 2 40 67 50 4 20 88 53 66 40 3 31 53 29 48 5 70 77 80 3 30 63 65 65 91 57 68 12 40 6 40 24 52 40 28 81 58 65 48 75 16 87 82 10 74 5 60 37 55 39 33 18 61 37 80 72 72
43 28 61 73 96 13 71 30 21 21 2 73 66 56 40 90 4 20 59 67 19 54 93 38 42 91 69 42 29 97 37 30 31 51 92 27 15 25 64 64 24 1 80 16 46 42 16 55 2 21 43 36 75 87 30 39 7 31 53 79 78 10 29 29 59 91 11 20 36 85 17 54 61 5 68 83 78 48 45 24 27 84 25 62 6 98 77 51 17 59 1 2 6 65 50 51 55 49 46 73
19 71 39 70 26 36 73 67 30 25 21 66 22 69 90 38 65 50 99 5 78 38 47 32 77 59 47 52 90 94 100 9 80 20 67 29 97 28 26 1 12 60 95 58 69 38 27 100 52 93 84 53 40 16 70 81 99 1 90 80 54 77 68 4 13 38 64 22 92 88 58 53 43 4 32 43 68 96 36 42 68 42 32 99 9 96 38 33 37 80 52 81 9 93 51 5 54 67 39 90
100 55 39 50 2 2 98 77 43 69 15 98 24 55 93 3 50 19 83 19 61 89 67 27 10 20 54 51 17 3 38 97 50 47 17 54 35 62 79 50 59 16 94 11 22 59 24 43 31 42 75 31 29 76 5 90 5 81 99 17 8 67 56 38 68 74 30 68 82 63 53 77 81 39 4 13 52 54 83 64 96 39 35 22 72 40 52 8 27 57 6 40 8 11 80 94 18 66 77 84
27 20 71 49 68 61 46 42 15 67 61 26 64 86 58 33 97 41 29 36 92 96 89 61 59 67 56 67 29 33 36 75 52 65 56 9 62 61 10 39 26 98 85 72 35 31 49 29 89 13 46 64 79 99 47 6 22 30 18 82 26 93 36 71 55 49 89 54 52 36 77 95 77 98 76 75 62 55 81 8 60 94 84 53 95 100 96 56 65 52 85 35 5 36 63 1 20 56 47 42
44 22 39 55 44 86 94 22 51 60 92 46 60 32 7 40 94 68 29 88 62 86 18 10 10 84 63 26 58 45 69 14 19 84 82 58 49 13 68 54 11 66 6 83 70 69 62 40 73 47 26 1 24 70 46 1 49 67 48 74 67 27 2 13 53 95 35 42 37 61 64 8 88 21 16 57 32 41 19 1 30 90 76 79 51 38 63 78 8 50 72 100 83 58 90 60 25 99 9 9
82 20 88 6 15 37 52 6 55 37 66 8 91 22 23 88 30 7 87 25 43 82 80 78 71 24 90 49 100 86 39 29 84 52 95 40 38 69 60 70 60 55 9 66 93 2 44 86 100 76 84 27 99 7 52 74 40 14 65 59 48 46 71 8 71 90 74 9 46 95 30 89 96 67 93 93 29 19 46 20 38 56 46 14 10 9 52 46 66 53 93 1 69 32 66 59 54 36 30 40
42 43 3 85 48 96 61 34 33 55 26 93 92 41 60 51 20 100 50 90 38 59 56 63 85 66 10 53 3 85 19 65 1 60 3 33 67 51 18 79 73 35 99 27 69 15 86 80 67 63 30 34 69 61 41 47 45 7 16 61 89 100 82 9 23 17 100 49 84 53 77 77 16 72 36 75 81 14 77 35 96 59 21 97 8 28 49 75 61 66 96 56 93 33 69 73 79 88 11 49
46 42 2 35 82 38 66 87 93 31 88 100 46 82 73 32 22 30 40 88 95 23 79 86 81 11 74 65 2 62 92 60 67 60 80 31 30 35 54 7 62 96 94 100 64 34 15 85 67 63 47 10 58 99 73 22 1 42 50 3 72 23 5 63 85 85 10 38 11 27 22 76 38 2 75 73 42 25 36 84 56 92 1 83 21 100 56 56 42 30 11 65 38 45 58 24 88 9 35 6
39 32 33 31 21 18 17 62 24 29 68 40 47 64 92 71 99 68 60 71 100 22 98 90 40 68 89 57 15 14 87 68 66 76 65 36 57 76 75 91 70 77 70 94 72 5 94 19 17 89 92 96 5 32 72 69 67 20 28 71 96 48 37 62 51 84 45 26 21 47 89 69 99 45 98 5 78 68 9 40 49 38 57 93 98 53 92 93 49 95 20 16 59 46 21 26 94 30 46 42
77 43 68 98 1 45 63 73 31 81 41 3 18 38 47 45 3 86 65 16 20 32 13 66 36 33 2 52 41 24 94 82 81 74 40 33 68 20 22 61 53 84 77 79 37 67 34 52 70 96 95 90 16 25 13 100 35 26 58 14 99 29 1 34 61 48 28 69 38 82 16 10 34 30 55 81 44 56 41 56 82 60 56 55 62 29 42 9 34 55 6 13 46 30 85 85 26 16 34 65
26 78 97 37 31 16 89 27 78 89 60 88 18 35 17 100 40 19 46 99 100 74 9 43 69 87 79 53 2 85 63 86 47 61 4 95 69 82 60 72 65 85 54 60 63 55 52 48 22 78 41 95 53 19 63 93 20 80 91 93 19 66 90 67 57 88 72 16 27 52 68 4 52 63 35 59 81 37 53 10 84 56 78 47 1 44 92 94 60 44 55 80 53 25 2 47 87 59 29 91
69 83 80 60 80 17 94 13 13 67 32 32 84 23 35 22 25 86 46 8 95 47 58 43 23 56 27 35 1 74 26 17 50 56 43 6 22 96 64 14 65 100 78 30 67 96 97 80 58 68 65 18 91 46 11 66 85 42 81 93 19 92 84 37 95 84 10 93 5 46 28 27 13 34 81 67 10 39 77 14 4 95 65 10 78 30 19 26 99 49 60 99 3 55 47 28 4 60 39 56
46 38 59 44 23 60 24 97 57 61 55 86 15 74 82 36 6 70 92 24 27 27 89 46 16 86 99 89 32 99 3 73 42 28 36 44 46 18 42 62 2 78 87 61 10 13 34 61 29 97 65 25 13 22 83 76 92 88 35 30 37 83 4 99 13 30 6 63 45 19 8 57 79 83 34 38 38 56 54 94 38 92 73 50 8 69 95 99 49 63 12 79 37 27 39 65 40 49 97 46
85 14 72 70 83 99 61 39 89 4 95 86 83 2 15 95 28 1 56 99 11 36 44 42 28 90 79 76 24 65 38 78 22 34 99 10 60 15 69 80 73 40 74 10 22 8 100 85 83 11 99 64 33 31 87 53 51 9 74 55 60 100 78 52 73 6 74 80 66 20 74 90 84 32 90 40 28 33 94 67 76 65 56 17 76 55 35 52 15 51 14 30 90 86 34 67 79 3 71 6
57 3 96 54 24 40 98 24 87 16 44 69 68 12 76 62 9 100 57 61 40 27 59 30 31 18 68 74 36 15 73 89 86 81 30 63 3 36 60 81 35 15 92 27 17 37 3 79 3 72 30 58 9 42 94 35 52 10 37 22 93 72 94 36 93 7 24 7 93 48 9 11 22 72 79 15 84 16 93 8 57 31 21 49 44 27 73 32 29 35 26 39 56 15 62 87 90 31 41 63
25 78 27 60 75 71 83 100 19 70 58 91 29 26 78 67 4 28 30 30 67 26 92 81 87 43 91 44 76 79 74 88 77 29 32 15 14 60 6 5 74 28 6 46 21 57 84 21 43 32 86 81 35 38 12 5 59 26 55 77 1 23 14 69 46 20 25 16 34 7 47 24 71 7 21 98 61 98 64 90 32 60 92 90 92 84 87 60 83 55 83 57 96 96 32 2 60 100 88 92
7 41 10 80 4 29 78 41 70 93 65 88 77 62 44 48 93 83 15 10 39 6 17 1 20 79 28 86 91 41 19 96 77 65 55 22 55 42 73 30 39 74 93 26 86 19 89 25 89 64 22 13 11 90 34 62 41 5 57 64 93 23 5 63 78 90 71 93 65 13 59 31 45 2 8 8 96 53 36 83 75 30 99 2 58 17 15 74 86 7 39 69 9 1 59 19 63 17 18 8
90 43 18 72 22 55 38 100 15 54 40 85 67 7 10 45 14 70 33 2 77 65 93 86 3 31 77 5 26 42 10 23 25 50 32 91 67 54 82 14 42 11 89 23 56 43 48 77 47 22 48 59 63 97 8 68 83 8 97 55 18 79 35 100 24 59 24 76 71 3 43 10 29 78 44 28 65 77 44 74 48 80 30 16 35 81 15 19 29 54 39 43 42 82 18 85 38 30 95 48
13 35 38 8 28 32 1 88 59 90 87 81 7 7 39 43 75 81 61 60 44 89 57 42 12 100 9 53 53 24 17 76 60 7 73 86 99 50 12 1 29 9 41 2 44 21 76 80 21 46 29 20 99 30 45 17 68 35 14 91 4 56 3 98 31 88 61 28 99 12 15 54 57 68 75 18 11 12 48 21 60 8 7 76 60 18 41 39 45 65 30 20 44 61 51 57 18 17 68 37
55 90 87 57 16 40 66 65 51 7 73 56 95 44 4 11 68 28 72 7 58 77 60 21 23 12 33 46 38 45 52 81 48 55 30 17 27 43 36 23 38 15 88 21 45 40 19 95 36 51 15 35 65 15 65 62 88 74 69 80 46 86 35 77 94 45 10 92 51 69 24 50 59 13 18 50 63 66 14 56 63 15 74 57 99 22 64 61 44 54 4 79 44 36 18 57 75 7 51 31
4 55 27 51 73 52 30 59 12 44 2 76 97 100 94 54 93 9 90 98 32 89 72 54 93 56 54 85 90 35 52 45 57 81 9 73 10 22 7 46 67 40 78 55 14 46 42 74 86 73 71 68 73 100 3 83 94 57 61 66 94 36 56 88 47 80 91 4 30 59 50 75 52 78 76 14 59 59 27 21 48 63 95 57 8 22 21 6 21 30 46 63 62 63 41 53 78 39 73 18
58 44 58 50 52 60 24 13 48 32 47 92 24 45 76 88 21 3 31 71 54 95 91 18 38 48 94 89 87 69 62 60 42 97 82 93 85 38 31 3 95 39 97 91 16 99 46 58 14 55 49 68 30 80 76 30 82 67 52 7 18 45 99 99 24 32 51 55 19 52 96 82 69 10 39 74 14 61 3 6 45 53 52 88 49 70 69 6 93 50 18 80 48 56 42 26 56 26 17 36
66 40 11 87 93 12 95 93 65 54 62 41 27 19 59 82 53 21 91 29 83 30 89 63 86 82 49 91 42 16 43 46 33 28 74 29 3 86 11 88 5 79 51 69 78 8 99 36 72 16 27 99 48 18 31 21 91 19 35 49 35 75 81 84 9 3 63 76 79 94 12 7 48 45 6 28 73 86 12 31 75 32 2 85 16 50 23 77 13 59 30 28 26 60 95 82 85 41 20 95
18 40 34 3 51 99 89 32 32 71 13 10 63 12 65 47 21 33 56 51 14 16 14 31 4 61 20 47 68 41 82 70 31 12 31 77 92 3 98 8 12 12 43 36 98 76 87 8 88 13 68 38 1 15 42 74 33 36 1 24 47 46 65 95 45 11 68 49 44 70 52 96 86 69 45 22 49 13 28 42 75 76 72 70 77 12 29 85 54 65 28 45 46 57 95 15 56 87 58 2
50 81 7 99 86 61 70 94 32 35 2 94 24 28 19 52 7 44 12 80 66 9 25 90 28 31 64 75 67 1 100 77 60 61 94 65 49 53 38 63 32 59 65 27 43 34 83 33 13 54 7 32 49 1 78 99 18 14 53 52 84 47 82 36 46 32 29 40 6 2 23 6 32 80 1 43 46 74 77 39 10 62 32 31 94 74 95 51 61 45 59 4 32 46 78 14 79 56 100 35
1 6 66 23 69 74 2 45 15 1 9 59 77 1 20 46 82 60 5 86 76 51 37 37 38 50 53 19 74 76 48 78 45 51 62 90 22 53 38 11 20 18 92 86 51 84 65 57 97 50 67 92 92 15 92 70 22 79 52 73 17 9 39 54 89 16 36 6 92 70 96 79 47 27 23 26 44 100 8 88 49 65 33 11 8 15 52 8 33 11 8 82 57 25 21 51 27 81 82 24
68 14 58 90 22 81 49 69 81 13 58 24 15 26 52 20 46 7 5 28 53 89 35 86 36 40 49 15 41 46 30 11 60 96 67 85 49 41 74 44 10 18 33 14 100 40 92 60 13 30 24 29 73 7 41 6 70 54 38 97 96 1 55 38 97 41 14 32 11 47 19 29 31 6 44 39 7 16 64 95 92 71 46 82 1 92 91 85 77 41 61 3 82 63 77 21 72 19 29 57
57 31 49 47 70 5 39 74 38 47 82 35 99 10 58 87 82 84 4 90 19 4 86 56 12 17 33 73 56 41 4 69 43 95 82 82 10 1 50 53 6 31 35 33 40 12 1 10 30 84 22 24 55 76 5 81 58 42 48 7 31 68 66 64 37 81 55 92 67 80 66 48 62 80 81 65 18 49 38 49 60 86 78 8 89 79 76 63 55 10 99 41 91 82 86 22 53 68 8 62
98 57 22 57 53 66 34 86 60 39 88 51 48 79 69 2 45 40 28 52 6 60 71 69 66 69 18 83 38 34 75 78 63 5 11 43 8 89 21 84 45 92 99 23 72 2 28 61 83 12 97 85 93 67 65 81 6 19 90 86 63 19 79 100 99 42 24 59 23 45 12 36 77 26 75 53 53 41 34 48 62 35 72 30 37 14 50 55 66 79 33 54 65 97 28 19 69 20 55 12
11 37 56 84 72 15 5 23 15 18 85 78 45 96 35 35 34 78 96 76 43 43 67 29 63 88 1 98 72 40 4 59 19 39 15 44 30 95 7 8 44 17 61 23 59 34 1 84 85 17 91 50 97 9 10 41 23 92 32 12 24 45 30 57 9 56 53 48 52 29 58 29 82 23 17 81 94 93 58 47 52 92 64 81 77 59 48 37 33 40 76 12 95 94 79 17 48 44 84 57
6 24 3 52 19 51 94 93 79 83 58 15 25 70 32 27 96 5 51 55 29 91 53 42 57 100 70 27 36 40 17 43 35 94 9 86 36 97 52 58 1 4 89 86 94 55 14 44 79 52 99 87 5 35 44 81 87 70 74 66 8 81 12 5 9 69 97 32 16 78 82 86 74 40 69 79 41 5 98 80 39 63 17 36 58 99 8 6 56 20 9 44 16 81 48 3 65 49 2 76
63 71 94 44 58 8 50 98 65 83 93 55 77 12 93 15 98 7 83 12 30 39 85 56 68 36 43 42 73 98 2 99 68 100 71 25 12 29 68 27 81 57 36 11 69 77 55 54 61 16 85 51 75 34 39 92 36 82 44 41 94 74 21 78 95 86 1 91 25 11 61 67 90 2 20 92 57 17 85 37 6 66 58 26 35 1 98 54 19 58 57 33 53 64 29 92 52 70 66 34
3 24 7 28 51 57 27 20 76 16 49 39 70 90 37 96 43 13 80 91 45 1 15 84 29 57 96 99 27 47 32 74 90 80 85 33 53 29 56 89 26 10 38 73 93 75 18 26 61 24 56 93 83 51 94 46 70 40 39 16 28 66 100 15 71 85 46 92 18 77 86 33 1 20 87 29 19 32 97 74 30 88 21 53 56 14 39 80 70 97 89 94 19 45 34 1 70 53 72 78
54 79 77 24 87 20 70 19 82 68 88 17 52 97 26 32 100 20 65 8 29 47 44 8 14 6 85 16 24 24 68 2 50 37 31 2 52 7 40 19 7 22 45 99 21 42 7 95 30 91 98 1 12 9 73 66 53 16 73 78 12 95 62 21 68 40 74 55 8 38 16 53 36 38 7 56 60 81 20 94 61 89 94 55 20 17 28 3 21 23 52 87 12 69 74 67 61 85 48 88
53 64 99 53 93 32 42 87 79 10 71 93 43 40 71 85 39 32 16 73 70 70 14 97 32 45 11 81 100 33 31 26 19 60 32 41 13 15 53 6 93 47 46 43 95 45 80 87 93 35 91 5 62 55 68 29 31 90 61 86 29 15 74 36 48 5 89 85 80 72 74 88 93 60 98 32 82 27 4 84 98 37 59 70 100 34 74 22 30 31 42 88 3 5 43 27 8 65 11 11
47 70 75 38 15 87 91 78 57 3 2 17 7 86 63 66 87 73 41 79 96 4 11 20 11 99 59 66 76 64 64 39 13 41 24 26 81 73 2 51 78 21 33 65 43 58 65 36 86 55 11 80 11 33 14 3 45 64 34 28 3 70 88 33 15 22 90 29 40 90 72 66 51 75 26 57 43 3 27 92 27 99 59 43 20 40 90 85 67 1 80 37 72 58 89 32 86 52 96 64
53 62 32 10 88 17 25 58 86 77 27 40 93 57 29 34 16 56 71 74 73 8 41 97 35 22 84 20 79 64 25 58 66 51 47 99 70 77 50 33 46 15 28 96 22 3 93 47 77 60 52 59 68 11 88 96 61 26 75 7 54 78 66 59 73 53 63 25 15 37 54 95 26 17 88 83 22 18 14 81 42 8 68 15 23 23 30 88 22 97 27 64 74 29 39 77 42 97 52 33
59 16 74 45 77 79 33 86 55 96 97 15 32 12 74 4 35 44 45 72 14 29 38 98 50 44 46 67 21 16 48 25 90 30 39 88 13 97 94 89 67 20 8 20 30 1 26 11 1 32 57 41 53 13 6 76 47 74 74 84 25 11 2 38 2 82 67 79 87 64 32 62 16 39 9 93 96 7 84 45 55 32 82 93 33 7 83 15 100 18 29 24 17 32 46 38 25 47 62 3
100 27 35 92 21 74 31 77 88 44 16 73 100 54 72 51 42 32 26 100 48 77 36 77 33 56 98 79 74 2 63 89 86 18 20 22 42 69 29 93 31 1 61 37 9 48 13 73 1 19 66 5 84 41 27 62 46 13 48 62 99 15 77 97 84 75 76 61 13 59 80 5 20 5 24 16 45 78 32 34 78 55 5 1 10 18 94 22 83 59 84 54 57 74 50 73 17 97 7 67
89 40 85 36 1 45 88 10 75 35 88 99 64 84 5 61 72 3 5 71 59 12 74 45 96 23 87 60 63 27 71 66 36 44 72 13 69 38 71 40 61 66 86 37 24 11 12 11 87 1 35 45 21 35 69 90 58 75 94 53 22 37 73 97 90 23 65 24 93 68 58 28 19 75 51 15 18 97 21 12 47 27 90 81 14 3 14 50 94 13 82 96 83 69 16 53 80 6 2 88
16 78 76 58 95 97 40 9 81 10 38 2 33 55 44 67 57 92 96 74 55 1 31 90 3 12 94 72 96 52 92 81 85 35 80 89 49 44 43 28 67 76 30 19 31 97 5 82 9 74 89 31 40 30 93 9 43 59 40 25 25 48 57 43 15 61 49 42 55 71 50 7 35 62 96 58 59 39 83 45 36 24 10 51 41 89 89 37 24 63 25 81 83 73 40 28 51 45 14 48
42 1 42 13 76 1 15 44 48 63 28 91 17 45 86 9 36 20 73 11 8 95 32 75 75 67 28 86 55 76 37 36 90 76 53 52 63 37 52 29 96 35 99 25 54 94 66 64 74 91 93 76 69 87 39 90 24 92 1 27 28 86 85 39 11 82 17 16 3 42 52 68 30 100 52 74 65 83 61 25 83 22 92 10 61 4 57 18 61 29 6 99 34 52 54 50 27 89 48 47
66 47 5 13 91 59 18 81 100 39 68 35 81 93 72 18 30 67 81 66 60 83 5 17 100 70 94 28 21 32 15 20 9 56 3 66 79 36 71 17 89 41 40 51 11 54 26 15 70 67 3 2 93 96 54 86 90 57 48 87 79 75 71 63 3 9 56 17 8 73 50 65 93 81 72 55 34 65 73 13 82 96 94 65 71 22 72 3 88 68 28 82 97 50 45 60 31 61 80 93
51 55 21 49 2 39 9 23 5 7 90 87 89 99 20 100 49 15 48 93 58 47 20 85 68 49 45 63 77 42 32 42 72 85 25 59 95 19 53 55 3 33 85 74 47 23 56 20 21 14 8 73 38 48 42 60 99 39 67 26 42 30 98 20 24 77 66 68 13 87 23 93 40 86 65 69 70 74 33 77 31 79 26 66 41 41 56 26 24 56 71 68 90 85 96 82 88 58 3 53
4 59 85 79 53 95 8 65 33 50 2 96 60 46 99 58 87 23 80 69 76 100 82 16 95 35 15 52 76 26 96 68 28 10 81 89 81 83 58 74 70 48 33 44 64 75 26 17 73 75 49 15 89 55 58 74 40 72 83 94 52 72 62 82 87 24 16 90 66 50 40 25 64 69 52 11 44 43 3 53 89 16 44 35 40 60 33 44 15 38 57 63 14 80 32 35 41 78 90 69
90 49 89 49 84 24 17 31 71 79 45 56 19 42 63 99 90 21 10 17 9 35 98 9 61 96 42 91 6 75 97 16 96 7 78 85 14 83 50 74 26 13 97 40 86 88 59 85 42 81 9 80 16 20 52 37 88 44 25 88 51 56 82 75 30 7 83 58 60 5 29 36 92 19 11 53 55 65 85 24 6 50 57 52 73 46 92 71 70 63 49 32 19 93 74 27 89 68 93 19
62 28 91 64 66 45 92 56 82 34 18 14 24 60 87 24 54 78 42 80 36 30 39 68 77 77 93 5 33 34 6 65 47 74 90 25 87 36 37 82 5 19 62 31 75 23 61 36 42 80 83 67 56 56 59 5 15 81 29 22 7 57 70 26 88 9 48 95 29 69 80 33 32 44 35 64 63 33 67 49 75 15 50 27 13 15 40 15 85 80 8 11 20 89 23 14 27 37 91 14
40 41 38 31 93 92 23 89 58 27 29 58 55 34 15 60 97 36 9 78 8 18 74 66 66 74 42 94 57 68 90 53 95 33 32 37 52 5 97 19 30 92 93 44 17 42 5 15 85 78 96 47 96 17 99 29 44 91 59 5 76 96 98 25 66 29 6 53 12 62 36 55 58 44 73 17 47 2 3 84 46 53 67 97 20 70 13 13 37 53 27 98 42 92 37 68 45 72 56 43
44 87 34 98 38 77 76 39 99 2 37 49 90 44 70 93 91 66 78 35 89 19 89 57 29 64 56 31 28 25 23 70 43 67 6 51 15 53 80 37 10 88 37 14 4 50 88 23 24 18 95 40 4 97 97 36 30 75 6 91 55 37 9 83 56 22 10 25 49 17 16 76 36 68 64 66 59 11 49 80 78 39 71 11 59 27 50 80 6 56 57 10 64 61 71 20 25 11 79 88
66 46 68 98 30 46 50 78 83 11 76 3 61 8 59 12 38 5 26 37 15 63 2 74 64 45 15 47 61 70 66 83 77 23 38 89 1 100 17 91 70 63 2 19 35 65 60 44 20 45 70 77 42 17 30 89 88 63 90 86 94 11 100 26 91 15 26 29 91 59 28 82 13 71 86 20 11 76 58 53 71 31 91 13 12 26 35 61 38 91 17 47 88 60 53 58 7 83 65 82
34 75 9 16 81 94 90 93 41 66 48 47 18 18 16 40 17 5 63 40 84 66 73 76 69 49 78 12 13 24 71 58 73 31 67 5 34 11 14 92 30 49 52 56 82 93 58 20 71 82 75 12 53 51 3 21 35 16 64 57 71 32 20 13 51 58 17 93 9 77 12 61 99 51 92 8 46 53 60 40 74 49 51 69 94 19 25 1 9 51 55 43 25 51 81 5 29 84 34 97
32 60 43 10 92 30 37 36 76 99 46 53 45 98 54 80 96 4 15 83 32 87 69 8 20 9 95 52 35 61 41 24 57 16 24 31 93 84 40 73 6 66 90 27 97 35 17 48 82 37 31 39 16 60 31 34 44 19 47 40 6 50 55 72 97 18 44 54 8 33 53 52 38 84 46 80 26 84 29 1 85 99 30 35 31 78 95 36 37 4 66 81 15 79 51 31 96 22 11 23
5 33 84 30 80 22 88 55 51 37 27 52 84 56 20 91 60 59 26 59 45 83 57 65 34 50 80 99 57 50 21 43 69 45 94 52 71 88 74 28 5 37 10 49 50 10 2 51 71 81 68 22 16 83 87 56 37 46 51 48 74 85 82 83 44 1 1 51 9 8 35 100 5 18 40 31 16 57 13 68 84 7 55 2 87 72 99 44 66 35 61 62 3 65 78 6 34 48 45 54
33 39 9 72 66 48 9 57 46 98 17 90 84 47 75 18 36 67 58 15 69 4 62 14 98 22 48 73 33 30 86 99 35 68 44 66 29 80 90 62 99 80 53 9 40 40 58 99 39 82 91 70 94 39 65 32 1 74 45 62 4 53 92 97 32 1 11 41 46 53 60 42 16 28 23 19 32 62 19 2 5 19 86 24 10 35 38 95 32 28 97 70 16 70 11 34 84 80 15 39
27 99 22 92 52 68 83 26 21 14 81 16 69 39 30 12 12 97 1 9 87 25 89 73 14 57 57 6 52 25 79 15 67 1 58 71 11 80 36 94 5 91 59 94 51 21 62 45 17 87 4 25 65 76 80 76 16 81 13 67 27 48 47 60 10 50 82 65 55 1 65 36 37 64 93 91 31 61 94 11 84 88 98 65 90 74 86 30 65 34 34 99 27 89 1 7 22 80 86 22
59 80 87 97 75 97 41 50 3 76 80 86 86 61 96 4 96 21 5 11 29 79 80 29 81 24 89 76 53 12 23 44 33 88 48 64 34 43 26 77 45 69 40 21 72 89 50 72 25 19 55 80 12 73 61 95 39 3 79 40 72 22 64 64 80 29 40 71 17 65 96 19 93 41 65 15 91 13 35 89 7 99 17 74 11 9 98 19 71 4 63 72 65 26 20 7 55 23 67 78
25 43 83 47 6 68 93 51 33 76 24 20 63 48 82 32 1 34 93 97 23 40 76 82 81 39 62 60 70 46 28 72 10 10 88 49 58 64 62 31 58 61 60 33 93 98 64 94 91 57 94 31 66 98 72 96 85 27 20 58 14 17 29 97 85 53 11 24 7 35 79 70 30 68 37 74 31 94 25 61 96 49 6 7 61 46 82 75 92 42 74 8 1 13 65 48 65 92 21 100
1 85 58 28 8 90 30 61 22 46 43 36 37 70 23 86 65 56 71 33 54 10 6 74 88 80 77 75 19 20 92 3 7 40 86 17 78 96 90 54 62 74 30 38 7 84 95 20 45 50 43 86 47 66 89 99 54 47 82 64 98 95 4 57 62 94 96 94 23 26 81 77 67 92 89 95 71 78 46 54 40 75 18 35 70 31 12 12 55 78 73 8 55 36 44 2 21 27 99 26
13 34 6 7 27 57 32 33 93 30 94 5 29 68 21 34 20 69 42 56 38 36 100 65 63 1 12 18 15 6 6 75 46 69 28 15 54 52 45 55 35 77 48 60 38 44 2 18 37 63 98 71 79 69 51 71 81 33 92 43 73 80 93 7 9 30 2 24 9 9 8 39 29 45 64 63 16 81 46 52 70 76 90 89 100 42 24 30 41 52 39 95 38 60 19 10 89 3 79 7
50 9 39 55 87 48 98 45 79 62 72 16 91 67 94 48 74 87 81 87 11 78 22 92 94 38 19 96 72 12 80 44 64 16 45 95 57 15 64 66 92 79 12 85 73 79 13 66 79 81 99 83 27 74 45 61 18 98 26 19 75 45 35 6 27 12 49 27 29 63 43 3 12 74 81 56 8 14 23 76 38 65 64 52 19 10 36 41 27 97 47 82 4 89 42 28 35 53 46 41
72 69 5 57 59 25 19 55 38 31 10 24 73 74 6 95 42 13 80 43 87 66 77 74 23 13 30 11 59 89 84 82 4 78 36 12 1 27 52 30 19 88 13 48 43 41 98 72 55 75 6 12 48 25 66 59 72 6 94 79 54 18 55 86 22 77 18 56 26 65 39 49 86 29 75 33 65 73 7 73 38 54 19 33 55 81 72 30 15 72 81 41 87 80 4 55 81 7 60 74
73 2 41 48 90 28 14 55 25 63 94 81 21 19 82 4 28 15 86 59 43 2 99 69 43 95 82 19 15 99 35 80 37 13 9 85 14 8 29 38 31 42 78 55 38 79 21 3 42 42 50 63 24 100 73 57 69 1 40 53 79 48 58 89 32 60 93 27 89 33 75 6 26 76 47 42 74 19 51 88 54 39 66 52 32 36 51 93 100 23 42 29 94 91 79 18 4 43 61 80
78 65 28 31 38 56 20 26 32 13 38 48 21 30 2 64 16 9 75 68 15 16 16 44 84 74 41 86 56 90 15 46 18 29 90 54 51 21 56 80 73 40 66 97 16 89 78 87 46 42 64 24 15 95 18 48 26 9 35 97 91 92 51 95 29 50 5 16 24 6 94 47 17 42 33 47 30 42 76 26 100 62 25 19 10 76 100 84 19 59 48 54 55 38 79 18 65 53 98 68
3
3 10 7 1700 3
1 1
3 1
50 31
9 5 5 2200 1
80 90
10 1 1 2000 1
1 2
6
200 continue
3000 break
3555 continue
4500 break
6000 continue
25000 stop
3
0 7000 3
1 1 3
5 10 7
3 2 1
1 2200 1
1 1 10
2 1000 2
21 85 3
1 2 5
